-0.000113261  141.572  31.3338
-36.1905  137.182  29.9393
-67.2842  125.581  26.9358
-94.359  108.808  16.729
-110.684  86.6931  35.44
-130.148  61.1627  18.4474
-137.176  29.9066  36.1845
-135.896  0.000181035  50.5248
-143.856  0.000286518  18.1741
-137.176  -29.9059  36.185
-130.149  -61.1621  18.4467
-110.684  -86.693  35.44
-94.3589  -108.809  16.727
-67.2846  -125.581  26.9357
-36.189  -137.182  29.9385
-0.000150164  -141.572  31.3329
36.1894  -137.182  29.9384
67.2842  -125.582  26.9349
94.359  -108.808  16.7282
110.683  -86.6941  35.4401
130.149  -61.1626  18.4456
137.176  -29.9062  36.1853
143.857  -1.05001e-05  18.1731
137.176  29.9054  36.1849
130.149  61.1622  18.4464
110.683  86.6945  35.4391
94.359  108.808  16.7288
67.2843  125.582  26.9345
36.1908  137.182  29.9392
84.6978  107.246  48.4485
53.607  122.018  57.1121
18.4078  130.214  61.0699
-18.4079  130.214  61.0695
-53.6072  122.018  57.1116
-84.698  107.246  48.448
-122.023  57.252  53.4311
-125.51  27.1012  67.3293
-122.023  -57.2524  53.4305
-98.9269  -80.4396  69.0171
-84.6977  -107.246  48.4489
-53.6071  -122.018  57.1118
-18.4078  -130.214  61.0699
18.4075  -130.214  61.0698
53.6062  -122.019  57.111
84.6977  -107.246  48.4486
122.023  -57.2524  53.4309
125.51  -27.1  67.3302
135.896  -0.00024111  50.5248
125.51  27.101  67.3294
122.023  57.2532  53.4305
98.9269  80.4395  69.0174
107.218  48.5087  84.6846
108.803  16.6615  94.3631
98.9269  -80.4396  69.0174
107.213  -48.517  84.6867
108.803  -16.6625  94.3629
86.5326  35.3828  110.826
69.0347  98.949  80.4048
80.5075  69.0603  98.8441
35.317  110.725  86.6877
8.92828e-05  114.673  88.7402
-35.3165  110.725  86.6879
-69.0339  98.9492  80.405
-98.9268  80.4396  69.0171
-107.213  48.5166  84.6869
-108.803  16.6621  94.3629
-125.51  -27.1  67.3298
-69.0348  -98.9491  80.4044
-35.3166  -110.725  86.6874
0.000650456  -114.673  88.7393
35.317  -110.725  86.6874
69.0344  -98.9492  80.4048
80.507  -69.0607  98.8441
86.5328  -35.3823  110.826
88.8206  -0.00018638  114.611
61.2389  18.3827  130.14
57.3609  53.4784  121.961
48.4633  84.7974  107.152
61.2389  -18.3819  130.14
57.3613  -53.4782  121.961
48.4639  -84.7978  107.151
16.8116  -94.2327  108.909
27.096  -67.3228  125.518
30.0951  -36.2097  137.134
31.4301  -0.000269096  141.549
30.0959  36.2093  137.134
27.0961  67.3227  125.518
16.8108  94.2319  108.91
-16.8108  94.2331  108.908
-1.65817e-05  50.6271  135.871
0.000518208  18.1732  143.856
-0.000900917  -18.1728  143.857
0.00114886  -50.6263  135.871
-16.8108  -94.2325  108.909
-27.0969  -67.3227  125.517
-48.4636  -84.7977  107.151
-80.5071  -69.0596  98.8447
-107.218  -48.5083  84.6847
-108.803  -16.6621  94.3628
-48.4634  84.7967  107.152
-80.5073  69.0601  98.8441
-86.5328  35.3822  110.826
-88.8208  -0.000361854  114.61
-86.533  -35.381  110.826
-61.2391  -18.3825  130.14
-61.2397  18.3829  130.139
-57.3608  53.478  121.961
-27.0964  67.3216  125.518
-30.0964  36.2084  137.134
-31.431  -0.000183778  141.549
-30.0961  -36.2086  137.134
-57.3615  -53.4774  121.961
