-0.000102081  136.69  30.2534
-34.9426  132.451  28.9069
-64.964  121.251  26.0069
-91.1051  105.056  16.1521
-106.867  83.7035  34.2179
-125.66  59.0534  17.8113
-132.445  28.8753  34.9366
-131.209  0.000168734  48.7823
-138.896  0.000299884  17.5474
-132.445  -28.8745  34.9371
-125.66  -59.0528  17.8105
-106.867  -83.7034  34.2179
-91.105  -105.056  16.1502
-64.9644  -121.25  26.0068
-34.941  -132.452  28.9061
-0.000145609  -136.69  30.2524
34.9415  -132.452  28.9061
64.9639  -121.251  26.0061
91.105  -105.056  16.1513
106.866  -83.7045  34.218
125.661  -59.0533  17.8095
132.445  -28.8748  34.9374
138.896  8.14825e-06  17.5465
132.445  28.874  34.9369
125.661  59.0529  17.8102
106.866  83.705  34.2169
91.1051  105.056  16.152
64.9641  121.251  26.0057
34.9429  132.451  28.9068
81.7771  103.548  46.7778
51.7584  117.81  55.1427
17.773  125.724  58.9639
-17.7732  125.724  58.9636
-51.7586  117.81  55.1422
-81.7772  103.548  46.7773
-117.815  55.2777  51.5885
-121.182  26.1666  65.0073
-117.815  -55.278  51.5879
-95.5152  -77.6655  66.6369
-81.777  -103.548  46.7782
-51.7585  -117.81  55.1425
-17.7731  -125.724  58.964
17.7727  -125.724  58.9639
51.7577  -117.811  55.1416
81.777  -103.548  46.7779
117.815  -55.2781  51.5884
121.182  -26.1653  65.0083
131.21  -0.000243938  48.7824
121.182  26.1664  65.0074
117.815  55.2789  51.588
95.5152  77.6654  66.6373
103.521  46.8358  81.7641
105.051  16.0869  91.1088
95.5152  -77.6655  66.6372
103.516  -46.8438  81.7662
105.051  -16.0878  91.1087
83.5486  34.1626  107.004
66.654  95.5367  77.632
77.7311  66.6787  95.4354
34.0991  106.907  83.6983
9.73894e-05  110.718  85.6801
-34.0986  106.907  83.6984
-66.6533  95.5369  77.6322
-95.5152  77.6655  66.6369
-103.515  46.8435  81.7663
-105.05  16.0874  91.1086
-121.182  -26.1654  65.0078
-66.6541  -95.5368  77.6316
-34.0987  -106.907  83.698
0.000658385  -110.719  85.6793
34.0991  -106.907  83.698
66.6537  -95.5369  77.632
77.7307  -66.6791  95.4354
83.5487  -34.1621  107.004
85.7578  -0.000204864  110.659
59.1272  17.7488  125.652
55.3829  51.6343  117.755
46.792  81.873  103.457
59.1271  -17.7481  125.652
55.3833  -51.6341  117.755
46.7926  -81.8734  103.456
16.2319  -90.9832  105.153
26.1616  -65.0011  121.189
29.0572  -34.961  132.405
30.3462  -0.000258328  136.668
29.058  34.9607  132.405
26.1617  65.001  121.189
16.2311  90.9824  105.154
-16.231  90.9836  105.153
-3.37081e-05  48.8813  131.185
0.000517098  17.5465  138.896
-0.000908658  -17.5462  138.896
0.0011442  -48.8805  131.186
-16.231  -90.983  105.153
-26.1625  -65.001  121.189
-46.7923  -81.8733  103.456
-77.7307  -66.678  95.4359
-103.521  -46.8355  81.7643
-105.051  -16.0874  91.1085
-46.7921  81.8723  103.457
-77.7309  66.6785  95.4354
-83.5487  34.162  107.004
-85.758  -0.00035731  110.658
-83.5489  -34.1609  107.004
-59.1274  -17.7486  125.652
-59.128  17.749  125.652
-55.3828  51.6339  117.755
-26.1619  64.9999  121.189
-29.0586  34.9598  132.405
-30.3471  -0.000165729  136.668
-29.0582  -34.96  132.405
-55.3835  -51.6334  117.755
