0.0162849  -27.979  75.0843
-52.1549  60.1157  9.247
-37.1896  69.3919  14.882
-20.0105  75.8075  16.5276
0.00192983  78.2336  17.3148
20.0224  75.8034  16.5405
37.188  69.3979  14.8757
52.1353  60.1385  9.2495
61.162  47.9138  19.5914
71.9245  33.8107  10.167
79.5009  0.0191198  10.0565
71.9344  -33.7851  10.2014
75.808  -16.5366  19.999
75.8059  16.5487  19.9922
61.1763  -47.9025  19.5885
52.1647  -60.1193  9.24621
37.1743  -69.4089  14.8853
20.0079  -75.812  16.5454
-0.0180432  -78.2406  17.3094
-19.9887  -75.8154  16.5444
-37.1932  -69.3978  14.8722
-52.144  -60.1306  9.24835
-71.9295  -33.7823  10.1937
-75.8038  -16.5213  19.9999
-79.494  -0.025164  10.0541
-75.8058  16.5141  19.9938
-71.9149  33.8045  10.2041
-61.1717  47.9006  19.571
46.8033  -59.2753  26.7719
54.6678  -44.4664  38.1341
67.4378  -31.6327  29.5329
69.367  -14.9796  37.2001
75.0987  0.00498482  27.9319
67.4318  31.6462  29.5261
69.3596  14.9777  37.2124
54.6712  44.4551  38.1357
46.7997  59.2717  26.7735
29.6231  67.4338  31.5511
10.1683  71.9541  33.7559
-10.1723  71.9589  33.7423
-29.6247  67.4254  31.5609
-46.8114  59.2619  26.7622
-54.6633  44.4565  38.1351
-67.4286  31.6367  29.5272
-69.3548  14.9758  37.2086
-75.0925  -0.00879718  27.9293
-69.3509  -14.9793  37.2168
-67.422  -31.6405  29.5443
-61.1634  -47.9135  19.5793
-46.7882  -59.2843  26.7658
-29.6108  -67.4362  31.5631
-10.193  -71.9683  33.7283
10.1613  -71.9671  33.7424
29.6204  -67.4353  31.5627
-54.6725  -44.4533  38.1323
-38.1598  54.6718  44.4294
-59.2434  26.7864  46.8129
-44.4951  38.1538  54.6204
-60.1212  9.20684  52.1477
-60.1197  -9.20392  52.1509
-59.2408  -26.8107  46.8056
-19.5256  61.1792  47.9085
-0.00772441  63.3746  49.0303
19.5165  61.1885  47.9033
38.133  54.6827  44.4451
-44.474  -38.1749  54.6269
-38.1335  -54.6905  44.4359
-26.7768  -46.8613  59.2157
-19.5041  -61.2007  47.8972
-0.00142495  -63.3823  49.0278
19.5256  -61.1859  47.9103
38.159  -54.6646  44.4522
59.2498  -26.8125  46.8023
44.4914  -38.1696  54.6223
26.7869  -46.8543  59.2199
9.28375  -52.0729  60.1902
-9.28947  -52.071  60.1898
60.1042  -9.19484  52.1788
60.135  9.19411  52.1424
59.2452  26.8147  46.8035
44.4755  38.1781  54.6253
26.7669  46.8624  59.218
9.2844  52.0758  60.1825
-9.28528  52.085  60.1733
-26.7765  46.8519  59.2187
-47.8156  19.5507  61.2438
-49.0667  -0.00571886  63.346
-47.8253  -19.5419  61.2409
47.8249  19.5738  61.2348
31.6906  29.5607  67.3981
14.9786  37.1991  69.3631
-14.9761  37.2023  69.3604
-31.7033  29.5514  67.3928
-33.8392  10.162  71.9156
-33.8493  -10.1565  71.9125
-31.7066  -29.5441  67.3969
-14.9674  -37.2172  69.3574
14.9678  -37.2078  69.3638
31.6859  -29.5524  67.4065
47.8075  -19.5599  61.2547
49.0841  0.00554649  63.3381
33.8399  -10.1606  71.9197
33.8311  10.1679  71.922
16.6255  20.0255  75.7791
17.3819  0.0205453  78.2198
16.6257  -20.004  75.7862
-0.0124921  27.9736  75.0841
0.00435676  10.0595  79.4944
-16.6436  20.003  75.7795
0.00898581  -10.045  79.497
-17.3528  -0.00876142  78.2247
-16.6321  -20.0117  75.7812
