1      -7.99997e-06    136.69          30.2526       
2      -34.9424        132.452         28.9068       
3      -64.9638        121.251         26.0067       
4      -91.1049        105.056         16.151        
5      -106.867        83.7042         34.2176       
6      -125.66         59.0533         17.8103       
7      -132.445        28.8745         34.9372       
8      -131.209        -3.07445e-09    48.7823       
9      -138.896        2.26475e-09     17.5466       
10     -132.445        -28.8746        34.9372       
11     -125.66         -59.0534        17.8103       
12     -106.867        -83.7043        34.2175       
13     -91.1049        -105.056        16.151        
14     -64.9638        -121.251        26.0067       
15     -34.9415        -132.452        28.9061       
16     -8.02136e-06    -136.69         30.2526       
17     34.9416         -132.452        28.9062       
18     64.9639         -121.251        26.0067       
19     91.105          -105.056        16.151        
20     106.867         -83.7044        34.2176       
21     125.66          -59.0535        17.8104       
22     132.445         -28.8746        34.9373       
23     138.896         7.94679e-09     17.5467       
24     132.445         28.8746         34.9373       
25     125.66          59.0535         17.8104       
26     106.867         83.7044         34.2176       
27     91.105          105.056         16.151        
28     64.9639         121.251         26.0067       
29     34.9424         132.452         28.9069       
30     81.7767         103.548         46.7774       
31     51.7587         117.81          55.1417       
32     17.773          125.724         58.9645       
33     -17.7727        125.724         58.9645       
34     -51.7586        117.81          55.1417       
35     -81.7766        103.548         46.7773       
36     -117.815        55.2774         51.5883       
37     -121.182        26.166          65.0073       
38     -117.815        -55.2774        51.5883       
39     -95.5153        -77.6654        66.637        
40     -81.7766        -103.548        46.7773       
41     -51.7587        -117.81         55.1417       
42     -17.7729        -125.724        58.9645       
43     17.7728         -125.724        58.9646       
44     51.7586         -117.811        55.1417       
45     81.7767         -103.548        46.7774       
46     117.815         -55.2775        51.5883       
47     121.182         -26.1661        65.0074       
48     131.21          -6.86877e-09    48.7824       
49     121.182         26.1661         65.0074       
50     117.815         55.2775         51.5883       
51     95.5154         77.6654         66.6371       
52     103.521         46.8358         81.7643       
53     105.051         16.0881         91.1085       
54     95.5154         -77.6654        66.6371       
55     103.516         -46.8437        81.766        
56     105.051         -16.0881        91.1085       
57     83.5484         34.1622         107.004       
58     66.6536         95.5371         77.6319       
59     77.731          66.6786         95.4355       
60     34.099          106.907         83.6981       
61     -2.2e-05        110.719         85.6795       
62     -34.0982        106.907         83.6977       
63     -66.6535        95.5371         77.6318       
64     -95.5153        77.6654         66.637        
65     -103.516        46.8436         81.7659       
66     -105.051        16.0881         91.1084       
67     -121.182        -26.166         65.0073       
68     -66.6535        -95.537         77.6319       
69     -34.0989        -106.907        83.6981       
70     -2.2e-05        -110.719        85.6795       
71     34.099          -106.907        83.6981       
72     66.6536         -95.5371        77.6319       
73     77.7311         -66.6786        95.4354       
74     83.5485         -34.1622        107.004       
75     85.758          -2.4869e-14     110.658       
76     59.1274         17.7487         125.652       
77     55.3831         51.6345         117.755       
78     46.7919         81.8734         103.456       
79     59.1274         -17.7488        125.652       
80     55.3831         -51.6345        117.755       
81     46.7919         -81.8734        103.456       
82     16.2315         -90.9828        105.153       
83     26.1623         -65.0006        121.189       
84     29.0579         -34.9602        132.405       
85     30.347          7.79875e-09     136.668       
86     29.0579         34.9602         132.405       
87     26.1624         65.0006         121.189       
88     16.2315         90.9828         105.153       
89     -16.2314        90.9828         105.153       
90     -3.30005e-05    48.8807         131.185       
91     -3.50082e-05    17.5466         138.896       
92     -3.50007e-05    -17.5466        138.896       
93     -3.30054e-05    -48.8807        131.185       
94     -16.2314        -90.9828        105.153       
95     -26.1623        -65.0005        121.189       
96     -46.7918        -81.8734        103.456       
97     -77.731         -66.6785        95.4353       
98     -103.521        -46.8358        81.7642       
99     -105.051        -16.088         91.1084       
100    -46.7918        81.8734         103.456       
101    -77.7309        66.6785         95.4353       
102    -83.5484        34.1622         107.004       
103    -85.7579        4.24089e-09     110.658       
104    -83.5483        -34.1622        107.004       
105    -59.1274        -17.7488        125.652       
106    -59.1275        17.7487         125.652       
107    -55.3831        51.6344         117.755       
108    -26.1624        65.0005         121.189       
109    -29.0579        34.9601         132.405       
110    -30.347         4.21644e-09     136.668       
111    -29.0579        -34.9602        132.405       
112    -55.3831        -51.6345        117.755       
