0      0      4    
1      1      3    
2      2      2    
3      3      1    
4      4      27   
5      5      26   
6      6      25   
7      7      45   
8      8      24   
9      9      23   
10     10     22   
11     11     48   
12     12     21   
13     13     20   
14     14     19   
15     15     18   
16     16     17   
17     17     16   
18     18     15   
19     19     14   
20     20     11   
21     21     12   
22     22     10   
23     23     13   
24     24     9    
25     25     8    
26     26     7    
27     27     6    
28     28     5    
29     29     36   
30     30     37   
31     31     38   
32     32     39   
33     33     40   
34     34     41   
35     35     43   
36     36     44   
37     37     47   
38     38     54   
39     39     49   
40     40     50   
41     41     51   
42     42     52   
43     43     53   
44     44     28   
45     45     30   
46     46     31   
47     47     32   
48     48     34   
49     49     33   
50     50     35   
51     51     79   
52     52     78   
53     53     29   
54     54     72   
55     55     77   
56     56     88   
57     57     64   
58     58     80   
59     59     63   
60     60     62   
61     61     61   
62     62     55   
63     63     42   
64     64     56   
65     65     58   
66     66     46   
67     67     66   
68     68     68   
69     69     69   
70     70     70   
71     71     71   
72     72     73   
73     73     99   
74     74     100  
75     75     102  
76     76     89   
77     77     81   
78     78     101  
79     79     98   
80     80     74   
81     81     75   
82     82     97   
83     83     105  
84     84     104  
85     85     103  
86     86     90   
87     87     82   
88     88     83   
89     89     106  
90     90     107  
91     91     109  
92     92     0    
93     93     76   
94     94     96   
95     95     67   
96     96     65   
97     97     60   
98     98     59   
99     99     84   
100    100    57   
101    101    85   
102    102    86   
103    103    87   
104    104    94   
105    105    93   
106    106    92   
107    107    91   
108    108    108  
109    109    110  
110    110    111  
111    111    95   
