0.000130566  136.69  30.2525
-34.943  132.451  28.9065
-64.9635  121.251  26.0063
-91.1048  105.056  16.1509
-106.867  83.7036  34.2175
-125.66  59.053  17.8104
-132.445  28.8745  34.9363
-131.209  0.00038445  48.7823
-138.896  0.000151096  17.5465
-132.445  -28.8754  34.9369
-125.66  -59.0539  17.8103
-106.867  -83.7036  34.2175
-91.1053  -105.056  16.151
-64.9641  -121.251  26.0058
-34.9415  -132.452  28.9062
-0.000315463  -136.69  30.2526
34.9421  -132.452  28.9058
64.9643  -121.251  26.0068
91.105  -105.056  16.1507
106.866  -83.7048  34.2179
125.66  -59.0533  17.8114
132.445  -28.8754  34.9376
138.896  -3.39123e-05  17.5462
132.445  28.8751  34.9365
125.661  59.0531  17.8104
106.866  83.7051  34.2177
91.1049  105.057  16.1505
64.9635  121.251  26.0067
34.9434  132.451  28.9065
81.7764  103.549  46.7774
51.7588  117.81  55.1425
17.7732  125.724  58.9638
-17.7729  125.724  58.9638
-51.759  117.81  55.1427
-81.7772  103.548  46.7777
-117.815  55.2782  51.5872
-121.181  26.1659  65.0082
-117.815  -55.2773  51.5882
-95.5146  -77.6656  66.6377
-81.7777  -103.548  46.7765
-51.7589  -117.81  55.1429
-17.7733  -125.724  58.965
17.7727  -125.724  58.9637
51.7575  -117.811  55.1417
81.7767  -103.548  46.7775
117.815  -55.278  51.5889
121.182  -26.1663  65.0078
131.21  3.02663e-05  48.7818
121.182  26.1661  65.0079
117.815  55.2782  51.5882
95.5152  77.6657  66.6371
103.521  46.8364  81.7636
105.05  16.088  91.1091
95.5152  -77.6654  66.6373
103.515  -46.8444  81.7664
105.051  -16.0873  91.1088
83.5485  34.162  107.004
66.6535  95.5373  77.6317
77.7301  66.6791  95.4358
34.0977  106.908  83.6978
-0.000143078  110.719  85.679
-34.0983  106.908  83.6973
-66.6528  95.5373  77.632
-95.5149  77.6654  66.6375
-103.516  46.8436  81.7655
-105.05  16.0884  91.1091
-121.182  -26.1658  65.0072
-66.654  -95.5365  77.6321
-34.099  -106.907  83.6975
-0.000530858  -110.718  85.6801
34.0988  -106.907  83.698
66.6531  -95.5371  77.6322
77.7308  -66.6787  95.4355
83.5483  -34.1615  107.004
85.7576  0.000513786  110.659
59.1278  17.7489  125.652
55.383  51.6347  117.755
46.7923  81.8731  103.456
59.1276  -17.7488  125.652
55.3831  -51.6341  117.755
46.7921  -81.8726  103.457
16.2304  -90.9827  105.154
26.1628  -64.9999  121.189
29.0578  -34.9596  132.405
30.3466  0.000166973  136.668
29.0569  34.96  132.405
26.1622  65.0017  121.188
16.2314  90.9834  105.153
-16.2313  90.9828  105.153
0.000109818  48.8808  131.185
-0.000727214  17.5472  138.896
-0.000121526  -17.5469  138.896
0.000306721  -48.8798  131.186
-16.2318  -90.9831  105.153
-26.163  -65.0007  121.189
-46.7921  -81.8732  103.456
-77.7312  -66.6782  95.4354
-103.521  -46.8359  81.7638
-105.051  -16.0868  91.1081
-46.7927  81.8733  103.456
-77.7307  66.6785  95.4355
-83.5486  34.1625  107.004
-85.7587  -0.000148894  110.658
-83.549  -34.1625  107.003
-59.1274  -17.7481  125.652
-59.1268  17.7493  125.652
-55.3834  51.634  117.755
-26.1624  65.0009  121.189
-29.0582  34.96  132.405
-30.3472  -0.000464793  136.668
-29.0588  -34.9597  132.405
-55.383  -51.6337  117.755
