0.000149073  141.572  31.3329
-36.1909  137.182  29.9389
-67.2837  125.582  26.9351
-94.3587  108.809  16.7277
-110.684  86.6932  35.4396
-130.149  61.1623  18.4466
-137.176  29.9058  36.1842
-135.896  0.000372071  50.5247
-143.856  0.000124366  18.1732
-137.175  -29.9067  36.1848
-130.148  -61.1632  18.4465
-110.684  -86.6932  35.4396
-94.3593  -108.808  16.7278
-67.2843  -125.581  26.9346
-36.1895  -137.182  29.9386
-0.000330996  -141.572  31.3331
36.19  -137.182  29.9382
67.2845  -125.581  26.9356
94.3589  -108.809  16.7275
110.683  -86.6943  35.44
130.149  -61.1627  18.4476
137.176  -29.9067  36.1855
143.857  -1.55963e-05  18.1729
137.176  29.9064  36.1844
130.149  61.1625  18.4466
110.683  86.6947  35.4398
94.3588  108.809  16.7273
67.2837  125.582  26.9356
36.1913  137.182  29.9389
84.6971  107.247  48.4482
53.6073  122.018  57.112
18.408  130.214  61.0698
-18.4076  130.214  61.0697
-53.6076  122.017  57.1121
-84.698  107.246  48.4484
-122.023  57.2525  53.4298
-125.51  27.1005  67.3302
-122.023  -57.2516  53.4307
-98.9262  -80.4397  69.0179
-84.6985  -107.246  48.4473
-53.6075  -122.017  57.1123
-18.4081  -130.214  61.0709
18.4074  -130.215  61.0696
53.606  -122.019  57.1111
84.6975  -107.247  48.4483
122.023  -57.2524  53.4314
125.51  -27.1009  67.3297
135.896  2.69808e-05  50.5242
125.51  27.1007  67.3299
122.023  57.2526  53.4308
98.9269  80.4397  69.0172
107.219  48.5093  84.6841
108.803  16.6627  94.3634
98.9269  -80.4395  69.0175
107.213  -48.5176  84.6869
108.803  -16.662  94.3631
86.5326  35.3822  110.826
69.0342  98.9495  80.4046
80.5065  69.0607  98.8446
35.3156  110.726  86.6872
-0.000140313  114.674  88.739
-35.3162  110.726  86.6867
-69.0335  98.9497  80.4048
-98.9265  80.4394  69.0177
-107.213  48.5168  84.6861
-108.802  16.663  94.3634
-125.51  -27.1004  67.3291
-69.0347  -98.9488  80.4049
-35.3169  -110.726  86.6869
-0.00052226  -114.673  88.7401
35.3167  -110.725  86.6875
69.0338  -98.9495  80.405
80.5072  -69.0603  98.8443
86.5324  -35.3816  110.826
88.8204  0.000519874  114.611
61.2395  18.3827  130.14
57.361  53.4788  121.961
48.4636  84.7975  107.152
61.2393  -18.3827  130.14
57.3611  -53.4783  121.961
48.4634  -84.797  107.152
16.8101  -94.2322  108.909
27.0972  -67.3216  125.518
30.0956  -36.2083  137.134
31.4304  0.000159159  141.549
30.0947  36.2087  137.134
27.0966  67.3234  125.517
16.8111  94.2329  108.909
-16.811  94.2323  108.909
9.73849e-05  50.6266  135.871
-0.000753078  18.1739  143.856
-0.00010198  -18.1736  143.856
0.000262002  -50.6256  135.871
-16.8114  -94.2326  108.909
-27.0974  -67.3224  125.517
-48.4634  -84.7976  107.151
-80.5075  -69.0598  98.8441
-107.218  -48.5088  84.6843
-108.803  -16.6615  94.3624
-48.464  84.7976  107.151
-80.5071  69.0602  98.8442
-86.5327  35.3827  110.826
-88.8216  -0.000163571  114.61
-86.5331  -35.3827  110.825
-61.2391  -18.3821  130.14
-61.2385  18.3832  130.14
-57.3614  53.4781  121.96
-27.0969  67.3226  125.517
-30.096  36.2087  137.134
-31.431  -0.00046427  141.549
-30.0966  -36.2084  137.134
-57.361  -53.4778  121.961
