0.00190381   78.2332   17.3168
-20.0063   75.8026   16.5552
-37.1836   69.3906   14.9027
-52.1559   60.1178   9.22699
-61.1622   47.9036   19.5936
-71.9289   33.7782   10.1924
-75.81   16.5047   19.9855
-75.0991   -0.00339925   27.9115
-79.495   0.00160861   10.0457
-75.8042   -16.5326   19.9892
-71.9183   -33.8035   10.2026
-61.1553   -47.9188   19.5917
-52.1385   -60.1361   9.24392
-37.177   -69.4061   14.874
-20.0056   -75.8101   16.5481
0.0121244   -78.2405   17.3096
20.0038   -75.8143   16.5394
37.1758   -69.4073   14.889
52.1471   -60.1349   9.24361
61.1686   -47.9106   19.5927
71.9317   -33.7963   10.1828
75.8089   -16.5463   19.9874
79.5016   0.00288107   10.0512
75.8068   16.5293   20.0049
71.9196   33.8143   10.1894
61.1603   47.9179   19.5866
52.1412   60.1339   9.24614
37.1714   69.4077   14.8715
19.9937   75.8101   16.5445
46.8034   59.2683   26.7746
29.6185   67.4354   31.5521
10.1691   71.9528   33.7585
-10.1646   71.9512   33.761
-29.6193   67.4304   31.5553
-46.8127   59.2556   26.7737
-67.438   31.6314   29.5114
-69.3505   14.9938   37.2094
-67.4241   -31.6582   29.5205
-54.664   -44.4518   38.1462
-46.7956   -59.2749   26.7737
-29.6053   -67.4327   31.5758
-10.1764   -71.9604   33.7501
10.1963   -71.9547   33.7584
29.6305   -67.4273   31.5704
46.8126   -59.2645   26.7795
67.4433   -31.6505   29.5013
69.3547   -15.0035   37.2134
75.0984   0.00931927   27.9328
69.3687   14.9767   37.1958
67.4279   31.6585   29.522
54.663   44.4583   38.1437
59.2515   26.8135   46.7963
60.1281   9.1979   52.1496
54.6749   -44.454   38.1383
59.2459   -26.8278   46.7984
60.1251   -9.21949   52.1503
47.8149   19.5656   61.2453
38.1419   54.6725   44.4501
44.4835   38.1688   54.6253
19.5046   61.1926   47.9029
0.00255761   63.3663   49.041
-19.5225   61.1878   47.8989
-38.1584   54.6911   44.4069
-54.6599   44.4458   38.1525
-59.2583   26.8176   46.7761
-60.1247   9.21289   52.1426
-69.3549   -14.9863   37.2066
-38.1604   -54.6701   44.438
-19.5078   -61.1809   47.9209
-0.00404951   -63.3591   49.0577
19.5345   -61.1984   47.8907
38.1368   -54.7062   44.42
44.4899   -38.1779   54.6178
47.8205   -19.5502   61.2476
49.0732   -0.00441162   63.3465
33.8325   10.1577   71.9228
31.6975   29.5612   67.3946
26.7712   46.8623   59.2161
33.8386   -10.1734   71.9185
31.7132   -29.5629   67.389
26.774   -46.8771   59.2077
9.30335   -52.0738   60.1863
14.9898   -37.2185   69.3533
16.6281   -20.0182   75.782
17.3497   -0.000327156   78.227
16.6346   20.0327   75.7752
14.9597   37.201   69.3661
9.30301   52.0854   60.1714
-9.29199   52.0754   60.1807
0.00375466   27.9829   75.0807
-0.00859063   10.0472   79.496
-0.000132754   -10.0384   79.4978
0.016296   -27.9838   75.0825
-9.28305   -52.0845   60.179
-14.9828   -37.2022   69.3621
-26.7704   -46.8748   59.2079
-44.4879   -38.1687   54.6199
-59.25   -26.804   46.7978
-60.1371   -9.19441   52.1326
-26.7737   46.8581   59.2151
-44.483   38.1693   54.6195
-47.7989   19.5512   61.2567
-49.0821   0.0137368   63.3341
-47.8186   -19.5381   61.2474
-33.8426   -10.166   71.9143
-33.8347   10.1555   71.9187
-31.695   29.5407   67.4014
-14.9748   37.1854   69.3697
-16.6359   20.0124   75.7787
-17.3797   0.0110611   78.2187
-16.6447   -20.0072   75.7796
-31.7191   -29.5461   67.3902
